"CovidSubmissionsTotal","TotalSubmissions","CovidPct"
"3005","71852","4.182207871736347"
